Sample vaa to test against

01000000000100149f90045969c7979fd9fbf0fd7cb248bd2ea5352fbc1fdeb6dbd5c1e1555217606d638b215c354d606c097a599e9a456ed96093b7e595df963f52ec9518ac9e0062860f1c62860f1c00020000000000000000000000000290fb167208af455bb137780163b7b7a9a10c160000000062860f1c20746f6173746572

Map(14) {
  'version' => 1,
  'index' => 0,
  'siglen' => 1,
  'signatures' => Uint8Array(66) [
      0,  20, 159, 144,   4,  89, 105, 199, 151, 159, 217,
    251, 240, 253, 124, 178,  72, 189,  46, 165,  53,  47,
    188,  31, 222, 182, 219, 213, 193, 225,  85,  82,  23,
     96, 109,  99, 139,  33,  92,  53,  77,  96, 108,   9,
    122,  89, 158, 154,  69, 110, 217,  96, 147, 183, 229,
    149, 223, 150,  63,  82, 236, 149,  24, 172, 158,   0
  ],
  'sigs' => [
    Uint8Array(66) [
        0,  20, 159, 144,   4,  89, 105, 199, 151, 159, 217,
      251, 240, 253, 124, 178,  72, 189,  46, 165,  53,  47,
      188,  31, 222, 182, 219, 213, 193, 225,  85,  82,  23,
       96, 109,  99, 139,  33,  92,  53,  77,  96, 108,   9,
      122,  89, 158, 154,  69, 110, 217,  96, 147, 183, 229,
      149, 223, 150,  63,  82, 236, 149,  24, 172, 158,   0
    ]
  ],
  'digest' => Uint8Array(58) [
     98, 134,  15,  28,  98, 134,  15,  28,   0,   2,  0,   0,
      0,   0,   0,   0,   0,   0,   0,   0,   0,   0,  2, 144,
    251,  22, 114,   8, 175,  69,  91, 177,  55, 120,  1,  99,
    183, 183, 169, 161,  12,  22,   0,   0,   0,   0, 98, 134,
     15,  28,  32, 116, 111,  97, 115, 116, 101, 114
  ],
  'timestamp' => 1652952860,
  'nonce' => 1652952860,
  'chainRaw' => '0002',
  'chain' => 2,
  'emitter' => '0000000000000000000000000290fb167208af455bb137780163b7b7a9a10c16',
  'sequence' => 1652952860n,
  'consistency' => 32
}
